400 1700
137 383
205 109
55 313
53 389
362 92
162 67
153 98
298 336
145 243
229 93
41 271
152 138
263 91
349 14
31 342
272 176
27 228
261 166
359 180
345 245
250 273
149 370
390 167
22 149
102 29
307 398
303 19
145 256
259 98
135 291
18 380
221 251
19 116
353 370
30 125
379 279
130 69
122 128
355 187
186 149
105 161
17 48
142 79
322 275
119 324
99 117
318 161
47 335
324 55
378 26
395 115
331 359
70 175
56 240
87 264
395 380
314 126
198 360
265 270
209 375
116 147
28 34
327 330
328 66
189 396
120 153
105 30
170 10
222 20
74 307
39 349
175 66
18 262
175 331
153 163
206 318
93 32
98 3
223 263
169 292
1 70
183 47
375 397
25 364
352 264
280 245
193 240
358 164
127 2
131 301
326 333
164 334
78 2
281 181
148 66
49 60
214 276
225 322
74 9
160 12
238 117
202 194
248 161
160 48
4 66
49 217
154 239
44 367
111 48
117 357
347 145
318 118
42 34
92 300
112 278
45 188
159 210
373 282
124 252
277 345
117 213
290 284
360 199
78 221
372 210
43 263
229 390
238 130
393 4
255 299
216 191
396 158
354 161
216 227
88 307
163 72
54 394
154 252
374 255
31 1
376 301
74 228
46 166
246 191
12 24
373 295
292 78
338 45
177 356
298 237
379 311
244 266
377 121
281 184
35 128
153 120
167 204
385 97
47 367
122 281
230 345
57 8
27 394
396 148
59 234
12 122
210 366
16 272
17 237
152 16
97 80
24 132
283 212
165 336
318 206
134 385
27 142
78 224
30 147
82 194
349 49
151 293
339 264
258 276
259 12
204 76
299 48
250 43
216 279
24 374
144 290
305 244
231 178
68 151
208 311
327 2
159 46
254 283
275 77
44 324
46 254
239 154
360 35
2 327
279 83
35 360
370 350
48 299
12 233
21 318
390 35
128 35
13 234
34 28
71 175
399 269
199 360
349 39
261 155
291 34
329 326
351 85
334 261
24 364
239 252
98 313
58 362
69 371
130 238
167 390
232 370
40 20
207 197
76 122
194 114
245 345
367 42
76 387
289 122
160 57
42 367
331 204
14 268
370 52
385 296
231 387
349 379
374 323
78 181
273 11
94 390
269 242
176 200
315 358
275 322
66 328
280 257
325 179
271 208
222 395
22 141
356 395
88 352
151 371
126 198
285 371
367 32
398 248
305 322
291 387
123 165
264 24
52 370
157 163
336 165
383 97
66 161
71 276
185 261
49 337
271 41
158 280
379 248
324 312
291 135
83 106
162 399
257 142
194 202
201 98
316 48
78 27
159 101
279 17
160 325
19 206
25 137
75 223
204 108
148 356
80 72
349 117
166 261
321 284
44 235
146 139
172 11
385 155
17 259
210 159
351 284
33 383
314 216
76 344
237 298
391 356
244 157
381 391
342 320
20 40
117 238
222 254
167 324
58 188
284 351
269 222
127 367
107 309
223 75
356 110
147 116
188 154
118 318
375 209
100 41
377 398
89 111
81 27
333 99
20 17
55 383
3 193
29 102
32 256
98 201
243 61
196 215
21 363
231 321
2 120
299 83
223 353
35 153
175 313
216 314
154 110
302 8
137 286
271 286
304 54
96 25
87 56
306 243
24 265
191 113
96 290
142 257
73 386
11 182
379 349
138 372
366 379
117 349
49 294
184 110
70 88
212 321
203 352
51 138
57 298
110 44
59 344
191 234
5 372
98 191
250 176
263 115
261 334
320 11
325 355
131 224
163 293
231 82
377 136
187 241
32 367
244 366
36 337
290 253
381 371
79 335
255 268
369 253
341 191
279 216
164 378
200 72
127 347
262 163
48 203
21 186
392 13
180 359
141 22
152 260
272 213
347 127
230 216
329 338
66 373
24 376
191 224
163 391
278 112
252 239
84 283
69 383
209 134
62 380
362 83
321 231
59 82
91 263
270 265
332 60
221 229
157 244
64 16
36 183
80 369
396 117
254 262
56 277
35 74
213 117
288 376
314 19
212 157
229 326
215 162
290 76
141 133
74 43
154 188
32 311
323 374
370 77
227 28
24 343
355 34
394 25
370 342
229 74
175 103
13 190
367 44
290 318
86 30
164 358
186 117
137 112
324 167
256 32
374 24
350 341
47 303
161 325
322 279
272 278
49 349
183 349
41 265
320 354
44 270
45 6
240 65
336 298
318 21
48 160
104 177
219 127
75 379
16 64
368 372
308 92
349 93
98 102
369 187
27 78
53 216
26 378
294 49
137 331
155 385
349 250
105 384
98 259
95 190
175 70
291 281
224 191
62 278
188 45
236 201
103 86
329 249
221 78
118 294
138 309
130 305
158 223
352 88
260 270
33 228
387 231
373 296
331 150
102 98
122 76
147 249
240 68
24 264
121 233
142 27
7 211
276 256
125 203
77 275
336 386
220 211
326 229
341 92
347 172
359 226
16 152
88 177
114 49
385 134
24 12
162 391
152 197
115 395
379 96
286 133
385 255
306 111
242 212
359 239
105 243
191 246
36 372
254 222
298 228
130 272
371 69
290 144
82 231
130 128
262 18
207 231
189 213
262 283
388 279
140 177
301 131
212 202
75 313
222 246
143 102
269 178
283 262
110 154
146 373
296 52
375 345
53 294
307 61
25 83
334 164
237 2
348 98
206 243
112 236
72 163
19 8
276 344
26 312
25 204
69 130
23 279
265 41
3 41
376 174
383 33
26 24
152 20
76 290
364 19
161 105
59 323
167 185
399 162
208 302
279 362
87 12
79 157
197 292
318 210
80 381
134 209
34 42
390 314
81 382
28 227
249 195
360 291
199 194
236 112
356 177
177 62
164 92
344 59
260 325
52 296
133 141
380 18
68 240
248 207
92 225
347 106
74 176
181 73
146 52
188 54
178 269
278 356
30 105
249 329
301 376
254 35
38 2
163 262
243 105
303 156
174 11
250 266
150 328
155 263
154 69
389 201
334 265
191 216
186 21
284 264
48 316
135 284
263 61
180 63
280 150
190 256
157 79
102 143
276 36
54 188
194 82
139 146
345 251
394 27
116 19
258 368
313 75
155 132
145 347
246 21
311 379
357 117
130 75
282 352
26 246
315 120
100 52
251 221
28 292
363 282
309 311
66 175
373 66
314 276
74 35
120 2
364 362
245 182
347 50
332 150
184 23
70 1
208 380
122 340
356 278
189 101
19 364
268 165
153 35
256 276
392 57
18 255
99 329
190 367
184 144
149 186
215 131
135 22
8 67
58 333
177 104
392 178
41 100
367 121
83 362
177 140
375 390
322 235
245 280
346 183
325 160
54 191
270 44
319 345
65 349
243 206
245 136
189 235
42 73
256 145
112 137
17 165
110 356
23 59
387 76
331 175
203 255
206 180
369 323
216 230
73 181
176 14
312 283
115 263
251 44
8 57
147 215
125 313
193 102
299 120
317 254
211 7
343 163
333 378
60 332
21 377
390 94
276 258
322 225
383 55
227 216
147 107
368 341
20 152
18 222
244 305
36 276
207 279
349 183
240 276
161 248
140 45
45 338
204 331
21 246
330 327
82 76
73 256
201 33
214 115
46 159
44 229
37 190
149 22
215 196
326 329
213 272
379 75
372 36
114 149
85 351
293 151
168 385
190 144
216 53
88 133
266 319
228 27
240 1
157 232
137 25
129 170
12 259
328 150
326 306
345 319
51 250
325 81
370 232
147 303
356 68
283 84
327 270
319 266
32 93
131 215
292 169
349 65
96 379
370 353
108 204
208 291
360 159
109 205
304 264
94 305
190 13
279 207
244 249
398 307
2 78
303 155
95 126
120 299
60 168
235 20
210 372
225 92
195 249
281 252
336 188
180 206
17 328
117 186
163 153
336 224
303 47
269 399
211 49
376 382
330 186
62 106
388 356
126 90
266 250
276 71
229 75
122 12
302 208
67 162
320 342
204 167
81 325
47 183
122 97
56 268
339 211
245 204
78 292
119 64
294 181
157 212
292 28
132 155
37 3
256 190
63 177
245 37
349 274
181 281
48 17
34 119
321 212
178 392
10 170
343 316
208 271
255 203
268 56
395 97
242 269
67 8
37 245
385 168
366 75
310 174
203 48
255 324
369 80
224 336
193 3
131 28
201 389
290 201
181 294
175 71
273 377
56 379
341 368
207 288
234 13
240 56
174 376
20 89
181 6
65 240
284 135
17 20
295 373
134 47
279 285
146 21
345 230
356 388
14 130
143 15
246 373
261 7
354 320
334 378
60 138
313 175
252 308
76 82
9 29
216 242
3 98
128 129
114 194
309 61
300 92
371 381
115 275
209 59
44 251
117 241
397 375
20 308
204 245
380 62
106 347
88 70
12 160
219 144
14 349
97 383
98 348
104 279
288 216
263 43
137 312
24 26
383 224
11 172
279 252
119 34
103 175
33 376
188 399
314 209
192 140
252 154
75 229
149 178
325 260
69 154
209 314
155 343
241 117
342 169
186 330
144 184
243 306
256 16
293 392
275 115
293 163
171 323
356 368
268 255
72 200
61 307
120 213
291 360
284 321
35 254
248 398
162 215
253 369
329 99
5 267
86 341
286 137
136 198
242 216
382 339
174 310
276 214
301 387
254 46
352 203
379 306
238 367
373 146
282 373
202 35
354 398
294 118
259 17
147 184
133 286
365 263
177 63
28 120
377 273
101 189
376 165
235 189
118 278
2 332
178 149
260 218
233 121
125 30
278 272
55 343
127 219
396 264
40 71
11 273
60 49
353 302
158 63
57 160
157 247
122 289
201 290
187 355
182 11
99 13
282 363
100 243
294 108
213 120
211 339
138 355
169 342
172 347
391 162
362 364
355 325
227 139
147 30
36 199
390 282
372 5
359 331
378 164
197 152
229 221
45 140
319 114
9 74
262 254
322 305
80 97
380 395
367 47
184 191
278 118
288 248
253 290
204 25
303 147
274 349
97 307
264 304
350 344
296 373
272 16
110 17
133 266
41 3
200 176
6 45
372 368
237 323
391 381
121 377
15 130
167 264
188 58
57 392
77 370
277 395
108 294
343 197
362 210
21 146
230 176
13 327
191 184
150 332
371 151
20 222
27 81
30 86
271 69
400 299
210 318
75 130
52 146
126 95
353 223
325 161
161 318
229 44
25 394
356 148
394 31
304 223
121 367
176 74
34 219
222 269
260 152
12 87
358 315
363 21
278 62
97 395
128 239
355 138
219 277
52 100
138 60
49 211
126 314
307 97
335 79
144 219
204 270
264 284
331 45
203 125
29 9
99 333
40 18
341 360
228 74
380 208
1 31
307 74
25 96
328 17
117 99
383 69
158 396
299 255
398 377
136 377
197 207
13 392
306 379
97 385
390 229
29 107
323 59
165 376
13 19
272 130
11 174
398 354
151 68
365 177
68 299
165 268
107 147
342 50
23 184
17 110
241 263
341 350
255 18
309 138
190 37
48 218
139 107
31 394
235 44
333 58
392 293
249 244
399 188
61 309
279 388
267 5
233 12
376 33
263 241
235 322
46 163
226 359
313 98
84 275
177 88
305 94
1 240
276 216
107 29
332 376
16 256
305 130
344 350
241 374
163 46
277 31
302 353
367 190
61 263
176 250
33 201
234 191
355 72
35 390
281 122
43 250
379 56
117 56
108 87
275 84
38 257
91 183
104 202
291 208
15 273
270 5
276 314
242 172
261 185
224 383
373 246
250 292
299 68
264 339
372 138
182 386
1 374
376 288
223 158
333 326
49 387
211 220
273 15
284 290
142 206
337 36
154 180
378 333
185 167
191 98
93 349
224 131
150 331
296 385
216 276
264 87
364 25
129 128
4 393
166 46
345 277
266 133
264 352
163 157
256 348
92 362
339 382
265 24
337 49
212 283
64 119
263 365
84 134
298 57
149 114
350 104
287 313
306 326
239 236
117 396
270 260
83 25
222 183
311 32
383 137
246 168
50 342
98 153
219 34
342 370
361 383
120 28
239 128
345 375
236 239
3 37
126 336
53 123
115 214
255 374
61 243
176 230
22 135
256 73
257 38
134 84
343 78
279 322
133 88
23 216
366 210
313 55
90 126
377 219
148 396
251 345
182 245
266 244
323 369
80 233
241 187
343 55
128 130
111 306
280 35
184 147
257 280
303 18
201 236
65 375
76 204
180 69
106 83
63 158
395 222
6 181
72 355
159 360
180 154
233 80
71 18
236 314
316 343
248 288
356 150
384 105
215 147
253 259
10 272
184 281
270 204
217 49
314 390
190 95
362 58
268 14
163 343
313 287
165 123
199 36
156 303
136 245
395 356
389 53
273 250
72 80
89 20
336 126
6 400
34 355
324 44
28 131
8 302
288 207
139 227
140 192
114 319
194 199
367 127
338 329
224 78
237 17
263 155
219 377
379 366
17 279
390 375
97 122
176 272
314 236
360 352
231 207
283 254
382 376
11 320
240 292
2 127
311 208
332 2
297 310
66 148
340 122
265 357
18 71
262 288
47 134
207 272
66 4
324 119
240 305
177 365
252 279
197 343
210 362
16 268
183 36
45 331
374 241
86 103
265 334
206 19
232 157
19 13
367 238
400 6
83 299
19 314
234 59
360 198
386 336
198 136
387 301
272 207
277 56
364 24
395 277
107 139
305 240
36 115
391 163
281 291
14 176
387 49
248 379
130 15
40 350
187 369
8 138
113 191
228 141
132 24
120 315
216 23
216 288
82 59
281 268
18 303
228 33
309 107
328 120
228 298
387 291
198 126
285 279
386 182
223 304
282 390
120 328
181 78
79 296
333 63
150 356
268 82
375 65
311 309
288 262
63 180
318 290
381 80
13 99
352 282
71 40
55 324
382 81
83 279
35 202
294 53
183 222
56 117
7 261
259 253
111 89
292 250
68 356
49 114
263 223
323 237
92 341
79 142
191 54
2 38
290 96
202 212
239 359
246 26
110 394
279 23
243 100
82 268
109 142
183 91
115 36
202 104
356 391
218 48
222 18
368 258
277 219
395 211
393 287
170 129
201 382
240 193
211 395
292 240
123 53
229 71
54 304
168 60
348 256
299 400
280 158
44 110
283 312
87 108
396 189
141 228
368 356
272 10
92 308
260 35
213 189
178 231
183 346
376 332
343 155
106 62
92 164
50 347
246 222
138 51
69 180
249 147
296 79
307 88
59 23
62 177
128 122
268 16
341 86
155 261
370 149
268 281
73 42
312 324
352 360
250 349
264 396
270 327
344 276
264 167
179 325
286 271
335 47
212 242
35 280
10 107
343 24
165 17
360 341
207 248
383 361
48 111
377 21
287 393
394 110
350 40
276 240
75 366
56 87
150 280
116 138
362 279
323 171
5 270
63 333
2 237
130 14
308 20
110 184
71 229
374 1
292 197
312 26
252 124
250 51
142 109
168 246
19 303
279 379
31 277
252 281
144 190
138 116
102 193
376 24
342 31
138 152
93 229
218 260
386 73
366 244
331 137
138 8
344 76
59 209
206 142
313 125
378 334
35 260
212 78
243 145
255 385
8 19
78 343
279 104
394 54
324 255
15 143
155 303
74 229
247 157
312 137
188 336
308 252
382 201
172 242
191 341
254 317
18 40
69 271
350 370
310 297
161 354
20 235
357 265
101 159
107 10
78 212
104 350
327 13
371 285
43 74
34 291
161 66
